       2613.980  52.0788269043  -1.0169855356
       2614.080  52.0788269043  -1.0169855356
       2614.180  52.0788383484  -1.0168199539
       2614.280  52.0788383484  -1.0168199539
       2614.380  52.0788459778  -1.0166515112
       2614.480  52.0788459778  -1.0166515112
       2614.580  52.0788536072  -1.0164827108
       2614.680  52.0788536072  -1.0164827108
       2614.780  52.0788612366  -1.0163152218
       2614.880  52.0788612366  -1.0163152218
       2614.980  52.0788688660  -1.0161454678
       2615.080  52.0788688660  -1.0161454678
       2615.180  52.0788764954  -1.0159748793
       2615.280  52.0788764954  -1.0159748793
       2615.380  52.0788841248  -1.0158042908
       2615.480  52.0788841248  -1.0158042908
       2615.580  52.0788917542  -1.0156311989
       2615.680  52.0788917542  -1.0156311989
       2615.780  52.0788993835  -1.0154587030
       2615.880  52.0788993835  -1.0154587030
       2615.980  52.0789070129  -1.0152841806
       2616.080  52.0789070129  -1.0152841806
       2616.180  52.0789108276  -1.0151100159
       2616.280  52.0789108276  -1.0151100159
       2616.380  52.0789184570  -1.0149325132
       2616.480  52.0789184570  -1.0149325132
       2616.580  52.0789260864  -1.0147567987
       2616.680  52.0789260864  -1.0147567987
       2616.780  52.0789337158  -1.0145841837
       2616.880  52.0789337158  -1.0145841837
       2616.980  52.0789451599  -1.0144097805
       2617.080  52.0789451599  -1.0144097805
       2617.180  52.0789527893  -1.0142331123
       2617.280  52.0789527893  -1.0142331123
       2617.380  52.0789642334  -1.0140559673
       2617.480  52.0789642334  -1.0140559673
       2617.580  52.0789718628  -1.0138763189
       2617.680  52.0789718628  -1.0138763189
       2617.780  52.0789833069  -1.0136979818
       2617.880  52.0789833069  -1.0136979818
       2617.980  52.0789947510  -1.0135253668
       2618.080  52.0789947510  -1.0135253668
       2618.180  52.0790023804  -1.0133563280
       2618.280  52.0790023804  -1.0133563280
       2618.380  52.0790100098  -1.0131971836
       2618.480  52.0790100098  -1.0131971836
       2618.580  52.0790138245  -1.0130456686
       2618.680  52.0790138245  -1.0130456686
       2618.780  52.0790176392  -1.0129003525
       2618.880  52.0790176392  -1.0129003525
       2618.980  52.0790138245  -1.0127594471
       2619.080  52.0790138245  -1.0127594471
       2619.180  52.0790100098  -1.0126233101
       2619.280  52.0790100098  -1.0126233101
       2619.380  52.0790023804  -1.0124921799
       2619.480  52.0790023804  -1.0124921799
       2619.580  52.0789909363  -1.0123635530
       2619.680  52.0789909363  -1.0123635530
       2619.780  52.0789794922  -1.0122388601
       2619.880  52.0789794922  -1.0122388601
       2619.980  52.0789604187  -1.0121157169
       2620.080  52.0789604187  -1.0121157169
       2620.180  52.0789337158  -1.0119980574
       2620.280  52.0789337158  -1.0119980574
       2620.380  52.0789070129  -1.0118836164
       2620.480  52.0789070129  -1.0118836164
       2620.580  52.0788726807  -1.0117739439
       2620.680  52.0788726807  -1.0117739439
       2620.780  52.0788345337  -1.0116692781
       2620.880  52.0788345337  -1.0116692781
       2620.980  52.0787963867  -1.0115691423
       2621.080  52.0787963867  -1.0115691423
       2621.180  52.0787506104  -1.0114711523
       2621.280  52.0787506104  -1.0114711523
       2621.380  52.0787010193  -1.0113772154
       2621.480  52.0787010193  -1.0113772154
       2621.580  52.0786514282  -1.0112861395
       2621.680  52.0786514282  -1.0112861395
       2621.780  52.0785942078  -1.0111997128
       2621.880  52.0785942078  -1.0111997128
       2621.980  52.0785331726  -1.0111169815
       2622.080  52.0785331726  -1.0111169815
       2622.180  52.0784721375  -1.0110390186
       2622.280  52.0784721375  -1.0110390186
       2622.380  52.0784072876  -1.0109658241
       2622.480  52.0784072876  -1.0109658241
       2622.580  52.0783386230  -1.0108979940
       2622.680  52.0783386230  -1.0108979940
       2622.780  52.0782661438  -1.0108336210
       2622.880  52.0782661438  -1.0108336210
       2622.980  52.0781898499  -1.0107746124
       2623.080  52.0781898499  -1.0107746124
       2623.180  52.0781135559  -1.0107228756
       2623.280  52.0781135559  -1.0107228756
       2623.380  52.0780334473  -1.0106780529
       2623.480  52.0780334473  -1.0106780529
       2623.580  52.0779533386  -1.0106371641
       2623.680  52.0779533386  -1.0106371641
       2623.780  52.0778694153  -1.0106004477
       2623.880  52.0778694153  -1.0106004477
       2623.980  52.0777854919  -1.0105684996
       2624.080  52.0777854919  -1.0105684996
       2624.180  52.0777015686  -1.0105371475
       2624.280  52.0777015686  -1.0105371475
       2624.380  52.0776176453  -1.0105079412
       2624.480  52.0776176453  -1.0105079412
       2624.580  52.0775299072  -1.0104805231
       2624.680  52.0775299072  -1.0104805231
       2624.780  52.0774421692  -1.0104566813
       2624.880  52.0774421692  -1.0104566813
       2624.980  52.0773544312  -1.0104341507
       2625.080  52.0773544312  -1.0104341507
       2625.180  52.0772628784  -1.0104122162
       2625.280  52.0772628784  -1.0104122162
       2625.380  52.0771713257  -1.0103942156
       2625.480  52.0771713257  -1.0103942156
       2625.580  52.0770797729  -1.0103768110
       2625.680  52.0770797729  -1.0103768110
       2625.780  52.0769882202  -1.0103621483
       2625.880  52.0769882202  -1.0103621483
       2625.980  52.0768928528  -1.0103483200
       2626.080  52.0768928528  -1.0103483200
       2626.180  52.0767974854  -1.0103385448
       2626.280  52.0767974854  -1.0103385448
       2626.380  52.0767021179  -1.0103290081
       2626.480  52.0767021179  -1.0103290081
       2626.580  52.0766067505  -1.0103218555
       2626.680  52.0766067505  -1.0103218555
       2626.780  52.0765075684  -1.0103160143
       2626.880  52.0765075684  -1.0103160143
       2626.980  52.0764122009  -1.0103106499
       2627.080  52.0764122009  -1.0103106499
       2627.180  52.0763130188  -1.0103076696
       2627.280  52.0763130188  -1.0103076696
       2627.380  52.0762138367  -1.0103063583
       2627.480  52.0762138367  -1.0103063583
       2627.580  52.0761146545  -1.0103061199
       2627.680  52.0761146545  -1.0103061199
       2627.780  52.0760116577  -1.0103044510
       2627.880  52.0760116577  -1.0103044510
       2627.980  52.0759124756  -1.0103026628
       2628.080  52.0759124756  -1.0103026628
       2628.180  52.0758132935  -1.0102983713
       2628.280  52.0758132935  -1.0102983713
       2628.380  52.0757102966  -1.0102953911
       2628.480  52.0757102966  -1.0102953911
       2628.580  52.0756072998  -1.0102903843
       2628.680  52.0756072998  -1.0102903843
       2628.780  52.0755043030  -1.0102843046
       2628.880  52.0755043030  -1.0102843046
       2628.980  52.0753974915  -1.0102773905
       2629.080  52.0753974915  -1.0102773905
       2629.180  52.0752906799  -1.0102707148
       2629.280  52.0752906799  -1.0102707148
       2629.380  52.0751876831  -1.0102603436
       2629.480  52.0751876831  -1.0102603436
       2629.580  52.0750808716  -1.0102456808
       2629.680  52.0750808716  -1.0102456808
       2629.780  52.0749740601  -1.0102260113
       2629.880  52.0749740601  -1.0102260113
       2629.980  52.0748672485  -1.0101995468
       2630.080  52.0748672485  -1.0101995468
       2630.180  52.0747604370  -1.0101687908
       2630.280  52.0747604370  -1.0101687908
       2630.380  52.0746574402  -1.0101308823
       2630.480  52.0746574402  -1.0101308823
       2630.580  52.0745506287  -1.0100883245
       2630.680  52.0745506287  -1.0100883245
       2630.780  52.0744476318  -1.0100377798
       2630.880  52.0744476318  -1.0100377798
       2630.980  52.0743484497  -1.0099806786
       2631.080  52.0743484497  -1.0099806786
       2631.180  52.0742454529  -1.0099220276
       2631.280  52.0742454529  -1.0099220276
       2631.380  52.0741424561  -1.0098611116
       2631.480  52.0741424561  -1.0098611116
       2631.580  52.0740470886  -1.0098028183
       2631.680  52.0740470886  -1.0098028183
       2631.780  52.0739555359  -1.0097486973
       2631.880  52.0739555359  -1.0097486973
       2631.980  52.0738639832  -1.0096992254
       2632.080  52.0738639832  -1.0096992254
       2632.180  52.0737762451  -1.0096553564
       2632.280  52.0737762451  -1.0096553564
       2632.380  52.0736885071  -1.0096186399
       2632.480  52.0736885071  -1.0096186399
       2632.580  52.0736007690  -1.0095893145
       2632.680  52.0736007690  -1.0095893145
       2632.780  52.0735130310  -1.0095678568
       2632.880  52.0735130310  -1.0095678568
       2632.980  52.0734252930  -1.0095553398
       2633.080  52.0734252930  -1.0095553398
       2633.180  52.0733413696  -1.0095503330
       2633.280  52.0733413696  -1.0095503330
       2633.380  52.0732536316  -1.0095529556
       2633.480  52.0732536316  -1.0095529556
       2633.580  52.0731697083  -1.0095638037
       2633.680  52.0731697083  -1.0095638037
       2633.780  52.0730819702  -1.0095808506
       2633.880  52.0730819702  -1.0095808506
       2633.980  52.0729980469  -1.0096060038
       2634.080  52.0729980469  -1.0096060038
       2634.180  52.0729103088  -1.0096386671
       2634.280  52.0729103088  -1.0096386671
       2634.380  52.0728263855  -1.0096787214
       2634.480  52.0728263855  -1.0096787214
       2634.580  52.0727424622  -1.0097270012
       2634.680  52.0727424622  -1.0097270012
       2634.780  52.0726623535  -1.0097717047
       2634.880  52.0726623535  -1.0097717047
       2634.980  52.0725822449  -1.0098118782
       2635.080  52.0725822449  -1.0098118782
       2635.180  52.0725059509  -1.0098479986
       2635.280  52.0725059509  -1.0098479986
       2635.380  52.0724296570  -1.0098761320
       2635.480  52.0724296570  -1.0098761320
       2635.580  52.0723571777  -1.0098961592
       2635.680  52.0723571777  -1.0098961592
       2635.780  52.0722808838  -1.0099091530
       2635.880  52.0722808838  -1.0099091530
       2635.980  52.0722084045  -1.0099157095
       2636.080  52.0722084045  -1.0099157095
       2636.180  52.0721359253  -1.0099142790
       2636.280  52.0721359253  -1.0099142790
       2636.380  52.0720634460  -1.0099053383
       2636.480  52.0720634460  -1.0099053383
       2636.580  52.0719909668  -1.0098890066
       2636.680  52.0719909668  -1.0098890066
       2636.780  52.0719184875  -1.0098648071
       2636.880  52.0719184875  -1.0098648071
       2636.980  52.0718460083  -1.0098326206
       2637.080  52.0718460083  -1.0098326206
       2637.180  52.0717773438  -1.0097924471
       2637.280  52.0717773438  -1.0097924471
       2637.380  52.0717086792  -1.0097471476
       2637.480  52.0717086792  -1.0097471476
       2637.580  52.0716400146  -1.0096952915
       2637.680  52.0716400146  -1.0096952915
       2637.780  52.0715713501  -1.0096356869
       2637.880  52.0715713501  -1.0096356869
       2637.980  52.0715065002  -1.0095772743
       2638.080  52.0715065002  -1.0095772743
       2638.180  52.0714454651  -1.0095219612
       2638.280  52.0714454651  -1.0095219612
       2638.380  52.0713882446  -1.0094728470
       2638.480  52.0713882446  -1.0094728470
       2638.580  52.0713272095  -1.0094305277
       2638.680  52.0713272095  -1.0094305277
       2638.780  52.0712699890  -1.0093938112
       2638.880  52.0712699890  -1.0093938112
       2638.980  52.0712089539  -1.0093641281
       2639.080  52.0712089539  -1.0093641281
       2639.180  52.0711479187  -1.0093418360
       2639.280  52.0711479187  -1.0093418360
       2639.380  52.0710868835  -1.0093271732
       2639.480  52.0710868835  -1.0093271732
       2639.580  52.0710258484  -1.0093212128
       2639.680  52.0710258484  -1.0093212128
       2639.780  52.0709686279  -1.0093225241
       2639.880  52.0709686279  -1.0093225241
       2639.980  52.0709075928  -1.0093322992
       2640.080  52.0709075928  -1.0093322992
       2640.180  52.0708503723  -1.0093494654
       2640.280  52.0708503723  -1.0093494654
       2640.380  52.0707931519  -1.0093752146
       2640.480  52.0707931519  -1.0093752146
       2640.580  52.0707359314  -1.0094075203
       2640.680  52.0707359314  -1.0094075203
       2640.780  52.0706825256  -1.0094476938
       2640.880  52.0706825256  -1.0094476938
       2640.980  52.0706253052  -1.0094962120
       2641.080  52.0706253052  -1.0094962120
       2641.180  52.0705718994  -1.0095536709
       2641.280  52.0705718994  -1.0095536709
       2641.380  52.0705223083  -1.0096168518
       2641.480  52.0705223083  -1.0096168518
       2641.580  52.0704727173  -1.0096850395
       2641.680  52.0704727173  -1.0096850395
       2641.780  52.0704231262  -1.0097579956
       2641.880  52.0704231262  -1.0097579956
       2641.980  52.0703735352  -1.0098400116
       2642.080  52.0703735352  -1.0098400116
       2642.180  52.0703277588  -1.0099283457
       2642.280  52.0703277588  -1.0099283457
       2642.380  52.0702857971  -1.0100197792
       2642.480  52.0702857971  -1.0100197792
       2642.580  52.0702438354  -1.0101170540
       2642.680  52.0702438354  -1.0101170540
       2642.780  52.0702056885  -1.0102175474
       2642.880  52.0702056885  -1.0102175474
       2642.980  52.0701675415  -1.0103235245
       2643.080  52.0701675415  -1.0103235245
       2643.180  52.0701293945  -1.0104306936
       2643.280  52.0701293945  -1.0104306936
       2643.380  52.0700836182  -1.0105383396
       2643.480  52.0700836182  -1.0105383396
       2643.580  52.0700416565  -1.0106437206
       2643.680  52.0700416565  -1.0106437206
       2643.780  52.0699958801  -1.0107469559
       2643.880  52.0699958801  -1.0107469559
       2643.980  52.0699424744  -1.0108469725
       2644.080  52.0699424744  -1.0108469725
       2644.180  52.0698928833  -1.0109469891
       2644.280  52.0698928833  -1.0109469891
       2644.380  52.0698356628  -1.0110448599
       2644.480  52.0698356628  -1.0110448599
       2644.580  52.0697746277  -1.0111413002
       2644.680  52.0697746277  -1.0111413002
       2644.780  52.0697135925  -1.0112342834
       2644.880  52.0697135925  -1.0112342834
       2644.980  52.0696487427  -1.0113251209
       2645.080  52.0696487427  -1.0113251209
       2645.180  52.0695838928  -1.0114150047
       2645.280  52.0695838928  -1.0114150047
       2645.380  52.0695152283  -1.0115051270
       2645.480  52.0695152283  -1.0115051270
       2645.580  52.0694465637  -1.0115896463
       2645.680  52.0694465637  -1.0115896463
       2645.780  52.0693740845  -1.0116695166
       2645.880  52.0693740845  -1.0116695166
       2645.980  52.0692977905  -1.0117461681
       2646.080  52.0692977905  -1.0117461681
       2646.180  52.0692214966  -1.0118216276
       2646.280  52.0692214966  -1.0118216276
       2646.380  52.0691452026  -1.0118947029
       2646.480  52.0691452026  -1.0118947029
       2646.580  52.0690650940  -1.0119656324
       2646.680  52.0690650940  -1.0119656324
       2646.780  52.0689811707  -1.0120366812
       2646.880  52.0689811707  -1.0120366812
       2646.980  52.0689010620  -1.0121067762
       2647.080  52.0689010620  -1.0121067762
       2647.180  52.0688171387  -1.0121762753
       2647.280  52.0688171387  -1.0121762753
       2647.380  52.0687332153  -1.0122461319
       2647.480  52.0687332153  -1.0122461319
       2647.580  52.0686492920  -1.0123153925
       2647.680  52.0686492920  -1.0123153925
       2647.780  52.0685653687  -1.0123838186
       2647.880  52.0685653687  -1.0123838186
       2647.980  52.0684776306  -1.0124535561
       2648.080  52.0684776306  -1.0124535561
       2648.180  52.0683898926  -1.0125236511
       2648.280  52.0683898926  -1.0125236511
       2648.380  52.0683021545  -1.0125925541
       2648.480  52.0683021545  -1.0125925541
       2648.580  52.0682106018  -1.0126612186
       2648.680  52.0682106018  -1.0126612186
       2648.780  52.0681228638  -1.0127315521
       2648.880  52.0681228638  -1.0127315521
       2648.980  52.0680313110  -1.0128018856
       2649.080  52.0680313110  -1.0128018856
       2649.180  52.0679435730  -1.0128718615
       2649.280  52.0679435730  -1.0128718615
       2649.380  52.0678520203  -1.0129433870
       2649.480  52.0678520203  -1.0129433870
       2649.580  52.0677604675  -1.0130164623
       2649.680  52.0677604675  -1.0130164623
       2649.780  52.0676689148  -1.0130909681
       2649.880  52.0676689148  -1.0130909681
       2649.980  52.0675735474  -1.0131640434
       2650.080  52.0675735474  -1.0131640434
       2650.180  52.0674781799  -1.0132378340
       2650.280  52.0674781799  -1.0132378340
       2650.380  52.0673866272  -1.0133131742
       2650.480  52.0673866272  -1.0133131742
       2650.580  52.0672912598  -1.0133893490
       2650.680  52.0672912598  -1.0133893490
       2650.780  52.0671997070  -1.0134660006
       2650.880  52.0671997070  -1.0134660006
       2650.980  52.0671043396  -1.0135418177
       2651.080  52.0671043396  -1.0135418177
       2651.180  52.0670089722  -1.0136184692
       2651.280  52.0670089722  -1.0136184692
       2651.380  52.0669136047  -1.0136963129
       2651.480  52.0669136047  -1.0136963129
       2651.580  52.0668182373  -1.0137740374
       2651.680  52.0668182373  -1.0137740374
       2651.780  52.0667228699  -1.0138533115
       2651.880  52.0667228699  -1.0138533115
       2651.980  52.0666275024  -1.0139329433
       2652.080  52.0666275024  -1.0139329433
       2652.180  52.0665283203  -1.0140128136
       2652.280  52.0665283203  -1.0140128136
       2652.380  52.0664329529  -1.0140948296
       2652.480  52.0664329529  -1.0140948296
       2652.580  52.0663375854  -1.0141761303
       2652.680  52.0663375854  -1.0141761303
       2652.780  52.0662384033  -1.0142586231
       2652.880  52.0662384033  -1.0142586231
       2652.980  52.0661430359  -1.0143421888
       2653.080  52.0661430359  -1.0143421888
       2653.180  52.0660438538  -1.0144258738
       2653.280  52.0660438538  -1.0144258738
       2653.380  52.0659446716  -1.0145118237
       2653.480  52.0659446716  -1.0145118237
       2653.580  52.0658454895  -1.0145989656
       2653.680  52.0658454895  -1.0145989656
       2653.780  52.0657463074  -1.0146858692
       2653.880  52.0657463074  -1.0146858692
       2653.980  52.0656471252  -1.0147718191
       2654.080  52.0656471252  -1.0147718191
       2654.180  52.0655479431  -1.0148578882
       2654.280  52.0655479431  -1.0148578882
       2654.380  52.0654487610  -1.0149459839
       2654.480  52.0654487610  -1.0149459839
       2654.580  52.0653457642  -1.0150369406
       2654.680  52.0653457642  -1.0150369406
       2654.780  52.0652465820  -1.0151276588
       2654.880  52.0652465820  -1.0151276588
       2654.980  52.0651473999  -1.0152202845
       2655.080  52.0651473999  -1.0152202845
       2655.180  52.0650482178  -1.0153125525
       2655.280  52.0650482178  -1.0153125525
       2655.380  52.0649452209  -1.0154089928
       2655.480  52.0649452209  -1.0154089928
       2655.580  52.0648460388  -1.0155080557
       2655.680  52.0648460388  -1.0155080557
       2655.780  52.0647468567  -1.0156091452
       2655.880  52.0647468567  -1.0156091452
       2655.980  52.0646514893  -1.0157109499
       2656.080  52.0646514893  -1.0157109499
       2656.180  52.0645561218  -1.0158103704
       2656.280  52.0645561218  -1.0158103704
       2656.380  52.0644683838  -1.0159064531
       2656.480  52.0644683838  -1.0159064531
       2656.580  52.0643806458  -1.0159993172
       2656.680  52.0643806458  -1.0159993172
       2656.780  52.0643005371  -1.0160893202
       2656.880  52.0643005371  -1.0160893202
       2656.980  52.0642242432  -1.0161745548
       2657.080  52.0642242432  -1.0161745548
       2657.180  52.0641479492  -1.0162587166
       2657.280  52.0641479492  -1.0162587166
       2657.380  52.0640830994  -1.0163404942
       2657.480  52.0640830994  -1.0163404942
       2657.580  52.0640220642  -1.0164226294
       2657.680  52.0640220642  -1.0164226294
       2657.780  52.0639648438  -1.0165070295
       2657.880  52.0639648438  -1.0165070295
       2657.980  52.0639076233  -1.0165895224
       2658.080  52.0639076233  -1.0165895224
       2658.180  52.0638618469  -1.0166745186
       2658.280  52.0638618469  -1.0166745186
       2658.380  52.0638160706  -1.0167629719
       2658.480  52.0638160706  -1.0167629719
       2658.580  52.0637779236  -1.0168515444
       2658.680  52.0637779236  -1.0168515444
       2658.780  52.0637435913  -1.0169453621
       2658.880  52.0637435913  -1.0169453621
       2658.980  52.0637130737  -1.0170371532
       2659.080  52.0637130737  -1.0170371532
       2659.180  52.0636825562  -1.0171316862
       2659.280  52.0636825562  -1.0171316862
       2659.380  52.0636596680  -1.0172301531
       2659.480  52.0636596680  -1.0172301531
       2659.580  52.0636405945  -1.0173289776
       2659.680  52.0636405945  -1.0173289776
       2659.780  52.0636291504  -1.0174306631
       2659.880  52.0636291504  -1.0174306631
       2659.980  52.0636215210  -1.0175311565
       2660.080  52.0636215210  -1.0175311565
       2660.180  52.0636177063  -1.0176296234
       2660.280  52.0636177063  -1.0176296234
       2660.380  52.0636177063  -1.0177299976
       2660.480  52.0636177063  -1.0177299976
       2660.580  52.0636253357  -1.0178322792
       2660.680  52.0636253357  -1.0178322792
       2660.780  52.0636329651  -1.0179343224
       2660.880  52.0636329651  -1.0179343224
       2660.980  52.0636482239  -1.0180355310
       2661.080  52.0636482239  -1.0180355310
       2661.180  52.0636672974  -1.0181343555
       2661.280  52.0636672974  -1.0181343555
       2661.380  52.0636940002  -1.0182362795
       2661.480  52.0636940002  -1.0182362795
       2661.580  52.0637245178  -1.0183368921
       2661.680  52.0637245178  -1.0183368921
       2661.780  52.0637588501  -1.0184358358
       2661.880  52.0637588501  -1.0184358358
       2661.980  52.0637931824  -1.0185325146
       2662.080  52.0637931824  -1.0185325146
       2662.180  52.0638351440  -1.0186241865
       2662.280  52.0638351440  -1.0186241865
       2662.380  52.0638809204  -1.0187131166
       2662.480  52.0638809204  -1.0187131166
       2662.580  52.0639305115  -1.0188006163
       2662.680  52.0639305115  -1.0188006163
       2662.780  52.0639839172  -1.0188843012
       2662.880  52.0639839172  -1.0188843012
       2662.980  52.0640411377  -1.0189636946
       2663.080  52.0640411377  -1.0189636946
       2663.180  52.0641059875  -1.0190340281
       2663.280  52.0641059875  -1.0190340281
       2663.380  52.0641708374  -1.0191023350
       2663.480  52.0641708374  -1.0191023350
       2663.580  52.0642395020  -1.0191675425
       2663.680  52.0642395020  -1.0191675425
       2663.780  52.0643081665  -1.0192286968
       2663.880  52.0643081665  -1.0192286968
       2663.980  52.0643806458  -1.0192868710
       2664.080  52.0643806458  -1.0192868710
       2664.180  52.0644531250  -1.0193473101
       2664.280  52.0644531250  -1.0193473101
       2664.380  52.0645294189  -1.0194073915
       2664.480  52.0645294189  -1.0194073915
       2664.580  52.0646018982  -1.0194712877
       2664.680  52.0646018982  -1.0194712877
       2664.780  52.0646781921  -1.0195353031
       2664.880  52.0646781921  -1.0195353031
       2664.980  52.0647544861  -1.0196012259
       2665.080  52.0647544861  -1.0196012259
       2665.180  52.0648307800  -1.0196682215
       2665.280  52.0648307800  -1.0196682215
       2665.380  52.0649070740  -1.0197386742
       2665.480  52.0649070740  -1.0197386742
       2665.580  52.0649833679  -1.0198132992
       2665.680  52.0649833679  -1.0198132992
       2665.780  52.0650596619  -1.0198901892
       2665.880  52.0650596619  -1.0198901892
       2665.980  52.0651321411  -1.0199707747
       2666.080  52.0651321411  -1.0199707747
       2666.180  52.0652084351  -1.0200544596
       2666.280  52.0652084351  -1.0200544596
       2666.380  52.0652847290  -1.0201414824
       2666.480  52.0652847290  -1.0201414824
       2666.580  52.0653610229  -1.0202314854
       2666.680  52.0653610229  -1.0202314854
       2666.780  52.0654335022  -1.0203235149
       2666.880  52.0654335022  -1.0203235149
       2666.980  52.0655097961  -1.0204168558
       2667.080  52.0655097961  -1.0204168558
       2667.180  52.0655860901  -1.0205122232
       2667.280  52.0655860901  -1.0205122232
       2667.380  52.0656623840  -1.0206081867
       2667.480  52.0656623840  -1.0206081867
       2667.580  52.0657386780  -1.0207078457
       2667.680  52.0657386780  -1.0207078457
       2667.780  52.0658149719  -1.0208107233
       2667.880  52.0658149719  -1.0208107233
       2667.980  52.0658874512  -1.0209106207
       2668.080  52.0658874512  -1.0209106207
       2668.180  52.0659599304  -1.0210084915
       2668.280  52.0659599304  -1.0210084915
       2668.380  52.0660247803  -1.0210998058
       2668.480  52.0660247803  -1.0210998058
       2668.580  52.0660896301  -1.0211867094
       2668.680  52.0660896301  -1.0211867094
       2668.780  52.0661468506  -1.0212700367
       2668.880  52.0661468506  -1.0212700367
       2668.980  52.0662040710  -1.0213484764
       2669.080  52.0662040710  -1.0213484764
       2669.180  52.0662536621  -1.0214234591
       2669.280  52.0662536621  -1.0214234591
       2669.380  52.0663032532  -1.0214943886
       2669.480  52.0663032532  -1.0214943886
       2669.580  52.0663490295  -1.0215623379
       2669.680  52.0663490295  -1.0215623379
       2669.780  52.0663909912  -1.0216252804
       2669.880  52.0663909912  -1.0216252804
       2669.980  52.0664253235  -1.0216873884
       2670.080  52.0664253235  -1.0216873884
       2670.180  52.0664596558  -1.0217473507
       2670.280  52.0664596558  -1.0217473507
       2670.380  52.0664901733  -1.0218073130
       2670.480  52.0664901733  -1.0218073130
       2670.580  52.0665130615  -1.0218691826
       2670.680  52.0665130615  -1.0218691826
       2670.780  52.0665359497  -1.0219316483
       2670.880  52.0665359497  -1.0219316483
       2670.980  52.0665512085  -1.0219969749
       2671.080  52.0665512085  -1.0219969749
       2671.180  52.0665626526  -1.0220634937
       2671.280  52.0665626526  -1.0220634937
       2671.380  52.0665702820  -1.0221287012
       2671.480  52.0665702820  -1.0221287012
       2671.580  52.0665702820  -1.0221940279
       2671.680  52.0665702820  -1.0221940279
       2671.780  52.0665664673  -1.0222607851
       2671.880  52.0665664673  -1.0222607851
       2671.980  52.0665588379  -1.0223267078
       2672.080  52.0665588379  -1.0223267078
       2672.180  52.0665473938  -1.0223883390
       2672.280  52.0665473938  -1.0223883390
       2672.380  52.0665283203  -1.0224478245
       2672.480  52.0665283203  -1.0224478245
       2672.580  52.0665054321  -1.0225080252
       2672.680  52.0665054321  -1.0225080252
       2672.780  52.0664825439  -1.0225666761
       2672.880  52.0664825439  -1.0225666761
       2672.980  52.0664558411  -1.0226278305
       2673.080  52.0664558411  -1.0226278305
       2673.180  52.0664291382  -1.0226922035
       2673.280  52.0664291382  -1.0226922035
       2673.380  52.0664062500  -1.0227619410
       2673.480  52.0664062500  -1.0227619410
       2673.580  52.0663871765  -1.0228346586
       2673.680  52.0663871765  -1.0228346586
       2673.780  52.0663719177  -1.0229061842
       2673.880  52.0663719177  -1.0229061842
       2673.980  52.0663642883  -1.0229778290
       2674.080  52.0663642883  -1.0229778290
       2674.180  52.0663604736  -1.0230493546
       2674.280  52.0663604736  -1.0230493546
       2674.380  52.0663604736  -1.0231213570
       2674.480  52.0663604736  -1.0231213570
       2674.580  52.0663642883  -1.0231953859
       2674.680  52.0663642883  -1.0231953859
       2674.780  52.0663757324  -1.0232676268
       2674.880  52.0663757324  -1.0232676268
       2674.980  52.0663909912  -1.0233391523
       2675.080  52.0663909912  -1.0233391523
       2675.180  52.0664100647  -1.0234115124
       2675.280  52.0664100647  -1.0234115124
       2675.380  52.0664367676  -1.0234831572
       2675.480  52.0664367676  -1.0234831572
       2675.580  52.0664596558  -1.0235559940
       2675.680  52.0664596558  -1.0235559940
       2675.780  52.0664901733  -1.0236245394
       2675.880  52.0664901733  -1.0236245394
       2675.980  52.0665245056  -1.0236893892
       2676.080  52.0665245056  -1.0236893892
       2676.180  52.0665664673  -1.0237530470
       2676.280  52.0665664673  -1.0237530470
       2676.380  52.0666084290  -1.0238130093
       2676.480  52.0666084290  -1.0238130093
       2676.580  52.0666542053  -1.0238723755
       2676.680  52.0666542053  -1.0238723755
       2676.780  52.0667037964  -1.0239323378
       2676.880  52.0667037964  -1.0239323378
       2676.980  52.0667572021  -1.0239876509
       2677.080  52.0667572021  -1.0239876509
       2677.180  52.0668144226  -1.0240368843
       2677.280  52.0668144226  -1.0240368843
       2677.380  52.0668716431  -1.0240814686
       2677.480  52.0668716431  -1.0240814686
       2677.580  52.0669364929  -1.0241231918
       2677.680  52.0669364929  -1.0241231918
       2677.780  52.0670013428  -1.0241606236
       2677.880  52.0670013428  -1.0241606236
       2677.980  52.0670700073  -1.0241897106
       2678.080  52.0670700073  -1.0241897106
       2678.180  52.0671386719  -1.0242124796
       2678.280  52.0671386719  -1.0242124796
       2678.380  52.0672073364  -1.0242291689
       2678.480  52.0672073364  -1.0242291689
       2678.580  52.0672798157  -1.0242383480
       2678.680  52.0672798157  -1.0242383480
       2678.780  52.0673522949  -1.0242393017
       2678.880  52.0673522949  -1.0242393017
       2678.980  52.0674285889  -1.0242332220
       2679.080  52.0674285889  -1.0242332220
       2679.180  52.0675048828  -1.0242166519
       2679.280  52.0675048828  -1.0242166519
       2679.380  52.0675811768  -1.0241935253
       2679.480  52.0675811768  -1.0241935253
       2679.580  52.0676536560  -1.0241626501
       2679.680  52.0676536560  -1.0241626501
       2679.780  52.0677299500  -1.0241265297
       2679.880  52.0677299500  -1.0241265297
       2679.980  52.0678062439  -1.0240830183
       2680.080  52.0678062439  -1.0240830183
       2680.180  52.0678787231  -1.0240336657
       2680.280  52.0678787231  -1.0240336657
       2680.380  52.0679512024  -1.0239770412
       2680.480  52.0679512024  -1.0239770412
       2680.580  52.0680198669  -1.0239139795
       2680.680  52.0680198669  -1.0239139795
       2680.780  52.0680923462  -1.0238424540
       2680.880  52.0680923462  -1.0238424540
       2680.980  52.0681610107  -1.0237658024
       2681.080  52.0681610107  -1.0237658024
       2681.180  52.0682296753  -1.0236835480
       2681.280  52.0682296753  -1.0236835480
       2681.380  52.0682945251  -1.0235979557
       2681.480  52.0682945251  -1.0235979557
       2681.580  52.0683631897  -1.0235102177
       2681.680  52.0683631897  -1.0235102177
       2681.780  52.0684280396  -1.0234187841
       2681.880  52.0684280396  -1.0234187841
       2681.980  52.0684928894  -1.0233291388
       2682.080  52.0684928894  -1.0233291388
       2682.180  52.0685615540  -1.0232396126
       2682.280  52.0685615540  -1.0232396126
       2682.380  52.0686340332  -1.0231535435
       2682.480  52.0686340332  -1.0231535435
       2682.580  52.0687026978  -1.0230641365
       2682.680  52.0687026978  -1.0230641365
       2682.780  52.0687751770  -1.0229729414
       2682.880  52.0687751770  -1.0229729414
       2682.980  52.0688476563  -1.0228763819
       2683.080  52.0688476563  -1.0228763819
       2683.180  52.0689163208  -1.0227788687
       2683.280  52.0689163208  -1.0227788687
       2683.380  52.0689926147  -1.0226806402
       2683.480  52.0689926147  -1.0226806402
       2683.580  52.0690689087  -1.0225858688
       2683.680  52.0690689087  -1.0225858688
       2683.780  52.0691413879  -1.0224914551
       2683.880  52.0691413879  -1.0224914551
       2683.980  52.0692176819  -1.0223979950
       2684.080  52.0692176819  -1.0223979950
       2684.180  52.0692901611  -1.0223040581
       2684.280  52.0692901611  -1.0223040581
       2684.380  52.0693664551  -1.0222071409
       2684.480  52.0693664551  -1.0222071409
       2684.580  52.0694427490  -1.0221115351
       2684.680  52.0694427490  -1.0221115351
       2684.780  52.0695228577  -1.0220158100
       2684.880  52.0695228577  -1.0220158100
       2684.980  52.0696029663  -1.0219208002
       2685.080  52.0696029663  -1.0219208002
       2685.180  52.0696792603  -1.0218249559
       2685.280  52.0696792603  -1.0218249559
       2685.380  52.0697593689  -1.0217285156
       2685.480  52.0697593689  -1.0217285156
       2685.580  52.0698394775  -1.0216317177
       2685.680  52.0698394775  -1.0216317177
       2685.780  52.0699234009  -1.0215339661
       2685.880  52.0699234009  -1.0215339661
       2685.980  52.0700035095  -1.0214356184
       2686.080  52.0700035095  -1.0214356184
       2686.180  52.0700836182  -1.0213366747
       2686.280  52.0700836182  -1.0213366747
       2686.380  52.0701675415  -1.0212373734
       2686.480  52.0701675415  -1.0212373734
       2686.580  52.0702514648  -1.0211371183
       2686.680  52.0702514648  -1.0211371183
       2686.780  52.0703353882  -1.0210351944
       2686.880  52.0703353882  -1.0210351944
       2686.980  52.0704193115  -1.0209327936
       2687.080  52.0704193115  -1.0209327936
       2687.180  52.0705032349  -1.0208289623
       2687.280  52.0705032349  -1.0208289623
       2687.380  52.0705871582  -1.0207259655
       2687.480  52.0705871582  -1.0207259655
       2687.580  52.0706672668  -1.0206254721
       2687.680  52.0706672668  -1.0206254721
       2687.780  52.0707435608  -1.0205281973
       2687.880  52.0707435608  -1.0205281973
       2687.980  52.0708160400  -1.0204321146
       2688.080  52.0708160400  -1.0204321146
       2688.180  52.0708847046  -1.0203361511
       2688.280  52.0708847046  -1.0203361511
       2688.380  52.0709495544  -1.0202388763
       2688.480  52.0709495544  -1.0202388763
       2688.580  52.0710105896  -1.0201388597
       2688.680  52.0710105896  -1.0201388597
       2688.780  52.0710639954  -1.0200358629
       2688.880  52.0710639954  -1.0200358629
       2688.980  52.0711174011  -1.0199270248
       2689.080  52.0711174011  -1.0199270248
       2689.180  52.0711669922  -1.0198160410
       2689.280  52.0711669922  -1.0198160410
       2689.380  52.0712089539  -1.0197023153
       2689.480  52.0712089539  -1.0197023153
       2689.580  52.0712509155  -1.0195853710
       2689.680  52.0712509155  -1.0195853710
       2689.780  52.0712852478  -1.0194631815
       2689.880  52.0712852478  -1.0194631815
       2689.980  52.0713157654  -1.0193389654
       2690.080  52.0713157654  -1.0193389654
       2690.180  52.0713424683  -1.0192103386
       2690.280  52.0713424683  -1.0192103386
       2690.380  52.0713653564  -1.0190781355
       2690.480  52.0713653564  -1.0190781355
       2690.580  52.0713844299  -1.0189431906
       2690.680  52.0713844299  -1.0189431906
       2690.780  52.0713996887  -1.0188055038
       2690.880  52.0713996887  -1.0188055038
       2690.980  52.0714073181  -1.0186644793
       2691.080  52.0714073181  -1.0186644793
       2691.180  52.0714111328  -1.0185221434
       2691.280  52.0714111328  -1.0185221434
       2691.380  52.0714111328  -1.0183788538
       2691.480  52.0714111328  -1.0183788538
       2691.580  52.0714073181  -1.0182340145
       2691.680  52.0714073181  -1.0182340145
       2691.780  52.0713996887  -1.0180875063
       2691.880  52.0713996887  -1.0180875063
       2691.980  52.0713844299  -1.0179446936
       2692.080  52.0713844299  -1.0179446936
       2692.180  52.0713653564  -1.0177998543
       2692.280  52.0713653564  -1.0177998543
       2692.380  52.0713462830  -1.0176558495
       2692.480  52.0713462830  -1.0176558495
       2692.580  52.0713310242  -1.0175113678
       2692.680  52.0713310242  -1.0175113678
       2692.780  52.0713157654  -1.0173637867
       2692.880  52.0713157654  -1.0173637867
       2692.980  52.0713081360  -1.0172133446
       2693.080  52.0713081360  -1.0172133446
       2693.180  52.0713043213  -1.0170626640
       2693.280  52.0713043213  -1.0170626640
       2693.380  52.0713043213  -1.0169107914
       2693.480  52.0713043213  -1.0169107914
       2693.580  52.0713119507  -1.0167595148
       2693.680  52.0713119507  -1.0167595148
       2693.780  52.0713233948  -1.0166068077
       2693.880  52.0713233948  -1.0166068077
       2693.980  52.0713386536  -1.0164575577
       2694.080  52.0713386536  -1.0164575577
       2694.180  52.0713615417  -1.0163073540
       2694.280  52.0713615417  -1.0163073540
       2694.380  52.0713882446  -1.0161588192
       2694.480  52.0713882446  -1.0161588192
       2694.580  52.0714187622  -1.0160106421
       2694.680  52.0714187622  -1.0160106421
       2694.780  52.0714530945  -1.0158646107
       2694.880  52.0714530945  -1.0158646107
       2694.980  52.0714912415  -1.0157215595
       2695.080  52.0714912415  -1.0157215595
       2695.180  52.0715370178  -1.0155811310
       2695.280  52.0715370178  -1.0155811310
       2695.380  52.0715866089  -1.0154441595
       2695.480  52.0715866089  -1.0154441595
       2695.580  52.0716400146  -1.0153105259
       2695.680  52.0716400146  -1.0153105259
       2695.780  52.0716972351  -1.0151809454
       2695.880  52.0716972351  -1.0151809454
       2695.980  52.0717620850  -1.0150549412
       2696.080  52.0717620850  -1.0150549412
       2696.180  52.0718269348  -1.0149333477
       2696.280  52.0718269348  -1.0149333477
       2696.380  52.0718994141  -1.0148143768
       2696.480  52.0718994141  -1.0148143768
       2696.580  52.0719718933  -1.0146992207
       2696.680  52.0719718933  -1.0146992207
       2696.780  52.0720367432  -1.0145876408
       2696.880  52.0720367432  -1.0145876408
       2696.980  52.0721015930  -1.0144821405
       2697.080  52.0721015930  -1.0144821405
       2697.180  52.0721626282  -1.0143810511
       2697.280  52.0721626282  -1.0143810511
       2697.380  52.0722160339  -1.0142837763
       2697.480  52.0722160339  -1.0142837763
       2697.580  52.0722694397  -1.0141938925
       2697.680  52.0722694397  -1.0141938925
       2697.780  52.0723152161  -1.0141078234
       2697.880  52.0723152161  -1.0141078234
       2697.980  52.0723609924  -1.0140236616
       2698.080  52.0723609924  -1.0140236616
       2698.180  52.0724029541  -1.0139415264
       2698.280  52.0724029541  -1.0139415264
       2698.380  52.0724372864  -1.0138607025
       2698.480  52.0724372864  -1.0138607025
       2698.580  52.0724678040  -1.0137825012
       2698.680  52.0724678040  -1.0137825012
       2698.780  52.0724945068  -1.0137066841
       2698.880  52.0724945068  -1.0137066841
       2698.980  52.0725135803  -1.0136327744
       2699.080  52.0725135803  -1.0136327744
       2699.180  52.0725326538  -1.0135606527
       2699.280  52.0725326538  -1.0135606527
       2699.380  52.0725479126  -1.0134878159
       2699.480  52.0725479126  -1.0134878159
       2699.580  52.0725555420  -1.0134166479
       2699.680  52.0725555420  -1.0134166479
       2699.780  52.0725555420  -1.0133465528
       2699.880  52.0725555420  -1.0133465528
       2699.980  52.0725517273  -1.0132763386
       2700.080  52.0725517273  -1.0132763386
       2700.180  52.0725440979  -1.0132075548
       2700.280  52.0725440979  -1.0132075548
       2700.380  52.0725288391  -1.0131424665
       2700.480  52.0725288391  -1.0131424665
       2700.580  52.0725135803  -1.0130836964
       2700.680  52.0725135803  -1.0130836964
       2700.780  52.0724945068  -1.0130289793
       2700.880  52.0724945068  -1.0130289793
       2700.980  52.0724678040  -1.0129766464
       2701.080  52.0724678040  -1.0129766464
       2701.180  52.0724372864  -1.0129255056
       2701.280  52.0724372864  -1.0129255056
       2701.380  52.0724067688  -1.0128768682
       2701.480  52.0724067688  -1.0128768682
       2701.580  52.0723686218  -1.0128329992
       2701.680  52.0723686218  -1.0128329992
       2701.780  52.0723266602  -1.0127916336
       2701.880  52.0723266602  -1.0127916336
       2701.980  52.0722808838  -1.0127543211
       2702.080  52.0722808838  -1.0127543211
       2702.180  52.0722351074  -1.0127196312
       2702.280  52.0722351074  -1.0127196312
       2702.380  52.0721855164  -1.0126911402
       2702.480  52.0721855164  -1.0126911402
       2702.580  52.0721321106  -1.0126693249
       2702.680  52.0721321106  -1.0126693249
       2702.780  52.0720748901  -1.0126512051
       2702.880  52.0720748901  -1.0126512051
       2702.980  52.0720176697  -1.0126376152
       2703.080  52.0720176697  -1.0126376152
       2703.180  52.0719604492  -1.0126287937
       2703.280  52.0719604492  -1.0126287937
       2703.380  52.0719032288  -1.0126204491
       2703.480  52.0719032288  -1.0126204491
       2703.580  52.0718498230  -1.0126123428
       2703.680  52.0718498230  -1.0126123428
       2703.780  52.0718040466  -1.0126019716
       2703.880  52.0718040466  -1.0126019716
       2703.980  52.0717582703  -1.0125869513
       2704.080  52.0717582703  -1.0125869513
       2704.180  52.0717163086  -1.0125689507
       2704.280  52.0717163086  -1.0125689507
       2704.380  52.0716781616  -1.0125461817
       2704.480  52.0716781616  -1.0125461817
       2704.580  52.0716438293  -1.0125213861
       2704.680  52.0716438293  -1.0125213861
       2704.780  52.0716094971  -1.0124895573
       2704.880  52.0716094971  -1.0124895573
       2704.980  52.0715789795  -1.0124486685
       2705.080  52.0715789795  -1.0124486685
       2705.180  52.0715560913  -1.0124083757
       2705.280  52.0715560913  -1.0124083757
       2705.380  52.0715332031  -1.0123637915
       2705.480  52.0715332031  -1.0123637915
       2705.580  52.0715179443  -1.0123161077
       2705.680  52.0715179443  -1.0123161077
       2705.780  52.0715065002  -1.0122652054
       2705.880  52.0715065002  -1.0122652054
       2705.980  52.0714988708  -1.0122117996
       2706.080  52.0714988708  -1.0122117996
       2706.180  52.0714988708  -1.0121573210
       2706.280  52.0714988708  -1.0121573210
       2706.380  52.0715026855  -1.0121016502
       2706.480  52.0715026855  -1.0121016502
       2706.580  52.0715065002  -1.0120429993
       2706.680  52.0715065002  -1.0120429993
       2706.780  52.0715217590  -1.0119857788
       2706.880  52.0715217590  -1.0119857788
       2706.980  52.0715370178  -1.0119296312
       2707.080  52.0715370178  -1.0119296312
       2707.180  52.0715599060  -1.0118739605
       2707.280  52.0715599060  -1.0118739605
       2707.380  52.0715866089  -1.0118210316
       2707.480  52.0715866089  -1.0118210316
       2707.580  52.0716171265  -1.0117678642
       2707.680  52.0716171265  -1.0117678642
       2707.780  52.0716514587  -1.0117186308
       2707.880  52.0716514587  -1.0117186308
       2707.980  52.0716857910  -1.0116741657
       2708.080  52.0716857910  -1.0116741657
       2708.180  52.0717277527  -1.0116336346
       2708.280  52.0717277527  -1.0116336346
       2708.380  52.0717735291  -1.0115983486
       2708.480  52.0717735291  -1.0115983486
       2708.580  52.0718193054  -1.0115665197
       2708.680  52.0718193054  -1.0115665197
       2708.780  52.0718727112  -1.0115360022
       2708.880  52.0718727112  -1.0115360022
       2708.980  52.0719261169  -1.0115071535
       2709.080  52.0719261169  -1.0115071535
       2709.180  52.0719795227  -1.0114808083
       2709.280  52.0719795227  -1.0114808083
       2709.380  52.0720367432  -1.0114576817
       2709.480  52.0720367432  -1.0114576817
       2709.580  52.0720977783  -1.0114338398
       2709.680  52.0720977783  -1.0114338398
       2709.780  52.0721549988  -1.0114113092
       2709.880  52.0721549988  -1.0114113092
       2709.980  52.0722160339  -1.0113893747
       2710.080  52.0722160339  -1.0113893747
       2710.180  52.0722808838  -1.0113693476
       2710.280  52.0722808838  -1.0113693476
       2710.380  52.0723495483  -1.0113538504
       2710.480  52.0723495483  -1.0113538504
       2710.580  52.0724143982  -1.0113389492
       2710.680  52.0724143982  -1.0113389492
       2710.780  52.0724830627  -1.0113308430
       2710.880  52.0724830627  -1.0113308430
       2710.980  52.0725517273  -1.0113290548
       2711.080  52.0725517273  -1.0113290548
       2711.180  52.0726242065  -1.0113316774
       2711.280  52.0726242065  -1.0113316774
       2711.380  52.0726928711  -1.0113395452
       2711.480  52.0726928711  -1.0113395452
       2711.580  52.0727653503  -1.0113543272
       2711.680  52.0727653503  -1.0113543272
       2711.780  52.0728378296  -1.0113756657
       2711.880  52.0728378296  -1.0113756657
       2711.980  52.0729103088  -1.0114059448
       2712.080  52.0729103088  -1.0114059448
       2712.180  52.0729827881  -1.0114427805
       2712.280  52.0729827881  -1.0114427805
       2712.380  52.0730590820  -1.0114865303
       2712.480  52.0730590820  -1.0114865303
       2712.580  52.0731315613  -1.0115360022
       2712.680  52.0731315613  -1.0115360022
       2712.780  52.0732002258  -1.0115936995
       2712.880  52.0732002258  -1.0115936995
       2712.980  52.0732727051  -1.0116579533
       2713.080  52.0732727051  -1.0116579533
       2713.180  52.0733413696  -1.0117280483
       2713.280  52.0733413696  -1.0117280483
       2713.380  52.0734100342  -1.0118010044
       2713.480  52.0734100342  -1.0118010044
       2713.580  52.0734748840  -1.0118796825
       2713.680  52.0734748840  -1.0118796825
       2713.780  52.0735435486  -1.0119642019
       2713.880  52.0735435486  -1.0119642019
       2713.980  52.0736045837  -1.0120551586
       2714.080  52.0736045837  -1.0120551586
       2714.180  52.0736656189  -1.0121525526
       2714.280  52.0736656189  -1.0121525526
       2714.380  52.0737266541  -1.0122522116
       2714.480  52.0737266541  -1.0122522116
       2714.580  52.0737838745  -1.0123549700
       2714.680  52.0737838745  -1.0123549700
       2714.780  52.0738410950  -1.0124621391
       2714.880  52.0738410950  -1.0124621391
       2714.980  52.0738983154  -1.0125725269
       2715.080  52.0738983154  -1.0125725269
       2715.180  52.0739555359  -1.0126844645
       2715.280  52.0739555359  -1.0126844645
       2715.380  52.0740127563  -1.0127944946
       2715.480  52.0740127563  -1.0127944946
       2715.580  52.0740699768  -1.0129045248
       2715.680  52.0740699768  -1.0129045248
       2715.780  52.0741271973  -1.0130162239
       2715.880  52.0741271973  -1.0130162239
       2715.980  52.0741882324  -1.0131314993
       2716.080  52.0741882324  -1.0131314993
       2716.180  52.0742492676  -1.0132478476
       2716.280  52.0742492676  -1.0132478476
       2716.380  52.0743141174  -1.0133626461
       2716.480  52.0743141174  -1.0133626461
       2716.580  52.0743713379  -1.0134799480
       2716.680  52.0743713379  -1.0134799480
       2716.780  52.0744361877  -1.0135971308
       2716.880  52.0744361877  -1.0135971308
       2716.980  52.0744972229  -1.0137151480
       2717.080  52.0744972229  -1.0137151480
       2717.180  52.0745620728  -1.0138335228
       2717.280  52.0745620728  -1.0138335228
       2717.380  52.0746269226  -1.0139498711
       2717.480  52.0746269226  -1.0139498711
       2717.580  52.0746955872  -1.0140663385
       2717.680  52.0746955872  -1.0140663385
       2717.780  52.0747604370  -1.0141838789
       2717.880  52.0747604370  -1.0141838789
       2717.980  52.0748252869  -1.0143034458
       2718.080  52.0748252869  -1.0143034458
       2718.180  52.0748901367  -1.0144218206
       2718.280  52.0748901367  -1.0144218206
       2718.380  52.0749588013  -1.0145416260
       2718.480  52.0749588013  -1.0145416260
       2718.580  52.0750274658  -1.0146638155
       2718.680  52.0750274658  -1.0146638155
       2718.780  52.0750961304  -1.0147873163
       2718.880  52.0750961304  -1.0147873163
       2718.980  52.0751647949  -1.0149098635
       2719.080  52.0751647949  -1.0149098635
       2719.180  52.0752296448  -1.0150320530
       2719.280  52.0752296448  -1.0150320530
       2719.380  52.0752983093  -1.0151532888
       2719.480  52.0752983093  -1.0151532888
       2719.580  52.0753669739  -1.0152767897
       2719.680  52.0753669739  -1.0152767897
       2719.780  52.0754394531  -1.0154019594
       2719.880  52.0754394531  -1.0154019594
       2719.980  52.0755081177  -1.0155274868
       2720.080  52.0755081177  -1.0155274868
       2720.180  52.0755805969  -1.0156508684
       2720.280  52.0755805969  -1.0156508684
       2720.380  52.0756492615  -1.0157783031
       2720.480  52.0756492615  -1.0157783031
       2720.580  52.0757217407  -1.0159080029
       2720.680  52.0757217407  -1.0159080029
       2720.780  52.0757942200  -1.0160366297
       2720.880  52.0757942200  -1.0160366297
       2720.980  52.0758628845  -1.0161653757
       2721.080  52.0758628845  -1.0161653757
       2721.180  52.0759353638  -1.0162947178
       2721.280  52.0759353638  -1.0162947178
       2721.380  52.0760116577  -1.0164250135
       2721.480  52.0760116577  -1.0164250135
       2721.580  52.0760841370  -1.0165557861
       2721.680  52.0760841370  -1.0165557861
       2721.780  52.0761604309  -1.0166867971
       2721.880  52.0761604309  -1.0166867971
       2721.980  52.0762329102  -1.0168186426
       2722.080  52.0762329102  -1.0168186426
       2722.180  52.0763092041  -1.0169520378
       2722.280  52.0763092041  -1.0169520378
       2722.380  52.0763854980  -1.0170853138
       2722.480  52.0763854980  -1.0170853138
       2722.580  52.0764617920  -1.0172196627
       2722.680  52.0764617920  -1.0172196627
       2722.780  52.0765342712  -1.0173549652
       2722.880  52.0765342712  -1.0173549652
       2722.980  52.0766029358  -1.0174895525
       2723.080  52.0766029358  -1.0174895525
       2723.180  52.0766677856  -1.0176182985
       2723.280  52.0766677856  -1.0176182985
       2723.380  52.0767326355  -1.0177434683
       2723.480  52.0767326355  -1.0177434683
       2723.580  52.0767898560  -1.0178647041
       2723.680  52.0767898560  -1.0178647041
       2723.780  52.0768470764  -1.0179816484
       2723.880  52.0768470764  -1.0179816484
       2723.980  52.0768966675  -1.0180950165
       2724.080  52.0768966675  -1.0180950165
       2724.180  52.0769462585  -1.0182073116
       2724.280  52.0769462585  -1.0182073116
       2724.380  52.0769882202  -1.0183166265
       2724.480  52.0769882202  -1.0183166265
       2724.580  52.0770301819  -1.0184228420
       2724.680  52.0770301819  -1.0184228420
       2724.780  52.0770645142  -1.0185238123
       2724.880  52.0770645142  -1.0185238123
       2724.980  52.0770950317  -1.0186229944
       2725.080  52.0770950317  -1.0186229944
       2725.180  52.0771217346  -1.0187201500
       2725.280  52.0771217346  -1.0187201500
       2725.380  52.0771446228  -1.0188151598
       2725.480  52.0771446228  -1.0188151598
       2725.580  52.0771636963  -1.0189093351
       2725.680  52.0771636963  -1.0189093351
       2725.780  52.0771751404  -1.0190002918
       2725.880  52.0771751404  -1.0190002918
       2725.980  52.0771827698  -1.0190876722
       2726.080  52.0771827698  -1.0190876722
       2726.180  52.0771865845  -1.0191725492
       2726.280  52.0771865845  -1.0191725492
       2726.380  52.0771827698  -1.0192577839
       2726.480  52.0771827698  -1.0192577839
       2726.580  52.0771789551  -1.0193423033
       2726.680  52.0771789551  -1.0193423033
       2726.780  52.0771675110  -1.0194242001
       2726.880  52.0771675110  -1.0194242001
       2726.980  52.0771484375  -1.0195012093
       2727.080  52.0771484375  -1.0195012093
       2727.180  52.0771293640  -1.0195749998
       2727.280  52.0771293640  -1.0195749998
       2727.380  52.0771026611  -1.0196465254
       2727.480  52.0771026611  -1.0196465254
       2727.580  52.0770721436  -1.0197139978
       2727.680  52.0770721436  -1.0197139978
       2727.780  52.0770378113  -1.0197776556
       2727.880  52.0770378113  -1.0197776556
       2727.980  52.0769996643  -1.0198341608
       2728.080  52.0769996643  -1.0198341608
       2728.180  52.0769577026  -1.0198903084
       2728.280  52.0769577026  -1.0198903084
       2728.380  52.0769119263  -1.0199428797
       2728.480  52.0769119263  -1.0199428797
       2728.580  52.0768623352  -1.0199878216
       2728.680  52.0768623352  -1.0199878216
       2728.780  52.0768127441  -1.0200263262
       2728.880  52.0768127441  -1.0200263262
       2728.980  52.0767555237  -1.0200597048
       2729.080  52.0767555237  -1.0200597048
       2729.180  52.0766944885  -1.0200865269
       2729.280  52.0766944885  -1.0200865269
       2729.380  52.0766334534  -1.0201090574
       2729.480  52.0766334534  -1.0201090574
       2729.580  52.0765724182  -1.0201268196
       2729.680  52.0765724182  -1.0201268196
       2729.780  52.0765075684  -1.0201388597
       2729.880  52.0765075684  -1.0201388597
       2729.980  52.0764389038  -1.0201535225
       2730.080  52.0764389038  -1.0201535225
       2730.180  52.0763740540  -1.0201731920
       2730.280  52.0763740540  -1.0201731920
       2730.380  52.0763130188  -1.0201976299
       2730.480  52.0763130188  -1.0201976299
       2730.580  52.0762519836  -1.0202246904
       2730.680  52.0762519836  -1.0202246904
       2730.780  52.0761985779  -1.0202552080
       2730.880  52.0761985779  -1.0202552080
       2730.980  52.0761489868  -1.0202889442
       2731.080  52.0761489868  -1.0202889442
       2731.180  52.0761032104  -1.0203268528
       2731.280  52.0761032104  -1.0203268528
       2731.380  52.0760574341  -1.0203690529
       2731.480  52.0760574341  -1.0203690529
       2731.580  52.0760192871  -1.0204155445
       2731.680  52.0760192871  -1.0204155445
       2731.780  52.0759849548  -1.0204668045
       2731.880  52.0759849548  -1.0204668045
       2731.980  52.0759544373  -1.0205221176
       2732.080  52.0759544373  -1.0205221176
       2732.180  52.0759277344  -1.0205831528
       2732.280  52.0759277344  -1.0205831528
       2732.380  52.0759048462  -1.0206488371
       2732.480  52.0759048462  -1.0206488371
       2732.580  52.0758895874  -1.0207146406
       2732.680  52.0758895874  -1.0207146406
       2732.780  52.0758781433  -1.0207821131
       2732.880  52.0758781433  -1.0207821131
       2732.980  52.0758705139  -1.0208506584
       2733.080  52.0758705139  -1.0208506584
       2733.180  52.0758666992  -1.0209211111
       2733.280  52.0758666992  -1.0209211111
       2733.380  52.0758705139  -1.0209896564
       2733.480  52.0758705139  -1.0209896564
       2733.580  52.0758781433  -1.0210554600
       2733.680  52.0758781433  -1.0210554600
       2733.780  52.0758895874  -1.0211186409
       2733.880  52.0758895874  -1.0211186409
       2733.980  52.0759048462  -1.0211805105
       2734.080  52.0759048462  -1.0211805105
       2734.180  52.0759239197  -1.0212415457
       2734.280  52.0759239197  -1.0212415457
       2734.380  52.0759506226  -1.0212998390
       2734.480  52.0759506226  -1.0212998390
       2734.580  52.0759773254  -1.0213526487
       2734.680  52.0759773254  -1.0213526487
       2734.780  52.0760116577  -1.0214020014
       2734.880  52.0760116577  -1.0214020014
       2734.980  52.0760498047  -1.0214461088
       2735.080  52.0760498047  -1.0214461088
       2735.180  52.0760917664  -1.0214858055
       2735.280  52.0760917664  -1.0214858055
       2735.380  52.0761375427  -1.0215209723
       2735.480  52.0761375427  -1.0215209723
       2735.580  52.0761871338  -1.0215502977
       2735.680  52.0761871338  -1.0215502977
       2735.780  52.0762367249  -1.0215702057
       2735.880  52.0762367249  -1.0215702057
       2735.980  52.0762901306  -1.0215840340
       2736.080  52.0762901306  -1.0215840340
       2736.180  52.0763473511  -1.0215942860
       2736.280  52.0763473511  -1.0215942860
       2736.380  52.0764045715  -1.0215991735
       2736.480  52.0764045715  -1.0215991735
       2736.580  52.0764656067  -1.0215975046
       2736.680  52.0764656067  -1.0215975046
       2736.780  52.0765228271  -1.0215886831
       2736.880  52.0765228271  -1.0215886831
       2736.980  52.0765838623  -1.0215715170
       2737.080  52.0765838623  -1.0215715170
       2737.180  52.0766448975  -1.0215523243
       2737.280  52.0766448975  -1.0215523243
       2737.380  52.0767059326  -1.0215268135
       2737.480  52.0767059326  -1.0215268135
       2737.580  52.0767707825  -1.0214952230
       2737.680  52.0767707825  -1.0214952230
       2737.780  52.0768318176  -1.0214568377
       2737.880  52.0768318176  -1.0214568377
       2737.980  52.0768966675  -1.0214121342
       2738.080  52.0768966675  -1.0214121342
       2738.180  52.0769577026  -1.0213626623
       2738.280  52.0769577026  -1.0213626623
       2738.380  52.0770187378  -1.0213104486
       2738.480  52.0770187378  -1.0213104486
       2738.580  52.0770835876  -1.0212541819
       2738.680  52.0770835876  -1.0212541819
       2738.780  52.0771484375  -1.0211964846
       2738.880  52.0771484375  -1.0211964846
       2738.980  52.0772132874  -1.0211354494
       2739.080  52.0772132874  -1.0211354494
       2739.180  52.0772781372  -1.0210738182
       2739.280  52.0772781372  -1.0210738182
       2739.380  52.0773429871  -1.0210092068
       2739.480  52.0773429871  -1.0210092068
       2739.580  52.0774116516  -1.0209411383
       2739.680  52.0774116516  -1.0209411383
       2739.780  52.0774803162  -1.0208694935
       2739.880  52.0774803162  -1.0208694935
       2739.980  52.0775451660  -1.0207941532
       2740.080  52.0775451660  -1.0207941532
       2740.180  52.0776138306  -1.0207161903
       2740.280  52.0776138306  -1.0207161903
       2740.380  52.0776786804  -1.0206328630
       2740.480  52.0776786804  -1.0206328630
       2740.580  52.0777435303  -1.0205454826
       2740.680  52.0777435303  -1.0205454826
       2740.780  52.0778083801  -1.0204566717
       2740.880  52.0778083801  -1.0204566717
       2740.980  52.0778732300  -1.0203641653
       2741.080  52.0778732300  -1.0203641653
       2741.180  52.0779342651  -1.0202679634
       2741.280  52.0779342651  -1.0202679634
       2741.380  52.0779953003  -1.0201654434
       2741.480  52.0779953003  -1.0201654434
       2741.580  52.0780563354  -1.0200586319
       2741.680  52.0780563354  -1.0200586319
       2741.780  52.0781135559  -1.0199513435
       2741.880  52.0781135559  -1.0199513435
       2741.980  52.0781707764  -1.0198378563
       2742.080  52.0781707764  -1.0198378563
       2742.180  52.0782279968  -1.0197207928
       2742.280  52.0782279968  -1.0197207928
       2742.380  52.0782814026  -1.0196003914
       2742.480  52.0782814026  -1.0196003914
       2742.580  52.0783309937  -1.0194749832
       2742.680  52.0783309937  -1.0194749832
       2742.780  52.0783805847  -1.0193456411
       2742.880  52.0783805847  -1.0193456411
       2742.980  52.0784263611  -1.0192112923
       2743.080  52.0784263611  -1.0192112923
       2743.180  52.0784721375  -1.0190771818
       2743.280  52.0784721375  -1.0190771818
       2743.380  52.0785140991  -1.0189391375
       2743.480  52.0785140991  -1.0189391375
       2743.580  52.0785522461  -1.0187996626
       2743.680  52.0785522461  -1.0187996626
       2743.780  52.0785865784  -1.0186563730
       2743.880  52.0785865784  -1.0186563730
       2743.980  52.0786209106  -1.0185081959
       2744.080  52.0786209106  -1.0185081959
       2744.180  52.0786514282  -1.0183584690
       2744.280  52.0786514282  -1.0183584690
       2744.380  52.0786819458  -1.0182071924
       2744.480  52.0786819458  -1.0182071924
       2744.580  52.0787086487  -1.0180540085
       2744.680  52.0787086487  -1.0180540085
       2744.780  52.0787315369  -1.0178982019
       2744.880  52.0787315369  -1.0178982019
       2744.980  52.0787506104  -1.0177400112
       2745.080  52.0787506104  -1.0177400112
       2745.180  52.0787696838  -1.0175789595
       2745.280  52.0787696838  -1.0175789595
       2745.380  52.0787887573  -1.0174175501
       2745.480  52.0787887573  -1.0174175501
       2745.580  52.0788040161  -1.0172561407
       2745.680  52.0788040161  -1.0172561407
